MONGO3 = mongodb://admin2:Pa55word1@cluster0-shard-00-00.qyong.mongodb.net:27017,cluster0-shard-00-01.qyong.mongodb.net:27017,cluster0-shard-00-02.qyong.mongodb.net:27017/myFirstDatabase2?ssl=true&replicaSet=atlas-4fivlq-shard-0&authSource=admin&retryWrites=true&w=majority
NETWORK = TESTNET
ACCOUNT_ID = 0.0.34256855
PRIVATE_KEY = 302e020100300506032b65700422042025626cd1a052f55e97fdc98f04636e11055155350b78b47d1da830fe9476a1c6
TREASURY_ID = 0.0.34269913
TREASURY_PVKEY = 302e020100300506032b65700422042054d7f02e8c4ac7cffc97d0e80a8d968be7295c1a8998d048c4189ec1705b4a49
OPERATOR_PVKEYS = 302e020100300506032b657004220420ad984dc031c036c0485625c3c73ac26ef816d6b2a4a2a59af00701aa202d5770
OPERATOR_IDS = 0.0.34272633
ALICE_ID = 0.0.34273611
ALICE_PVKEY = 302e020100300506032b65700422042080ced2680e7f9ec706563dc9e4bc6998f8f867d33eaaa7842be8cf2a587ca4e9
OPERATOR_ID = 0.0.34273753
OPERATOR_PVKEY = 302e020100300506032b657004220420bf2bf87cf52a49a1dd136afe717c27bbfc3c8e94dea63dc1121b2f763d136117
BOB_ID = 0.0.34274865
BOB_PVKEY = 302e020100300506032b657004220420a285aab35a21725a8e908add7a4c366327bcb9c366c3c1484d55acc775b14da9